   35
"London    "   0.00000 792.00000 179.00000 167.00000  85.00000 183.00000 88.00000 241.00000 475.00000 212.00000 119.00000 776.00000 599.00000 273.00000 626.00000 169.00000 275.00000 851.00000 307.00000 156.00000 319.00000 296.00000 441.00000 106.00000 180.00000 198.00000  90.00000 341.00000 114.00000  71.00000 344.00000 257.00000 124.00000 304.00000 312.00000
"Aberdeen  " 792.00000   0.00000 661.00000 902.00000 888.00000 788.00000 726.00000 793.00000 346.00000 665.00000 906.00000 106.00000 195.00000 909.00000 227.00000 735.00000 557.00000 172.00000 505.00000 650.00000 539.00000 536.00000 367.00000 702.00000 772.00000 610.00000 761.00000 978.00000 888.00000 825.00000 505.00000 558.00000 866.00000 805.00000 494.00000
"Birmingham" 179.00000 661.00000   0.00000 230.00000 257.00000 142.00000 163.00000 164.00000 315.00000  63.00000 298.00000 578.00000 467.00000 264.00000 470.00000  85.00000 198.00000 720.00000 177.00000  66.00000 145.00000 130.00000 328.00000  82.00000 259.00000  79.00000 101.00000 331.00000 227.00000 148.00000 262.00000 122.00000 206.00000 195.00000 208.00000
"Bournemouh" 167.00000 902.00000 230.00000   0.00000 145.00000 119.00000 251.00000 190.00000 544.00000 311.00000 277.00000 829.00000 697.00000 132.00000 698.00000 159.00000 401.00000 962.00000 397.00000 257.00000 367.00000 360.00000 549.00000 214.00000 348.00000 294.00000 146.00000 200.00000  74.00000 125.00000 470.00000 343.00000  47.00000 254.00000 434.00000
"Brighton  "  85.00000 888.00000 257.00000 145.00000   0.00000 216.00000 177.00000 286.00000 568.00000 302.00000 132.00000 827.00000 695.00000 270.00000 722.00000 220.00000 364.00000 949.00000 396.00000 241.00000 402.00000 381.00000 536.00000 190.00000 262.00000 283.00000 156.00000 336.00000  79.00000 114.00000 433.00000 344.00000  98.00000 351.00000 407.00000
"Bristol   " 183.00000 788.00000 142.00000 119.00000 216.00000   0.00000 237.00000  71.00000 442.00000 202.00000 304.00000 707.00000 594.00000 121.00000 597.00000  56.00000 330.00000 848.00000 315.00000 187.00000 259.00000 261.00000 463.00000 169.00000 336.00000 220.00000 113.00000 190.00000 151.00000  82.00000 399.00000 264.00000 119.00000 135.00000 349.00000
"Cambridge "  88.00000 726.00000 163.00000 251.00000 177.00000 237.00000 0.00000 278.00000 415.00000 161.00000 183.00000 648.00000 530.00000 356.00000 570.00000 188.00000 200.00000 785.00000 233.00000 111.00000 286.00000 249.00000 372.00000  80.00000 100.00000 135.00000 129.00000 423.00000 203.00000 140.00000 269.00000 188.00000 209.00000 331.00000 243.00000
"Cardiff   " 241.00000 793.00000 164.00000 190.00000 286.00000  71.00000 278.00000   0.00000 447.00000 236.00000 367.00000 740.00000 600.00000 193.00000 602.00000  90.00000 362.00000 853.00000 335.00000 220.00000 265.00000 278.00000 484.00000 208.00000 378.00000 243.00000 167.00000 261.00000 222.00000 175.00000 426.00000 286.00000 190.00000  64.00000 372.00000
"Carlisle  " 475.00000 346.00000 315.00000 544.00000 568.00000 442.00000 415.00000 447.00000   0.00000 301.00000 595.00000 270.00000 151.00000 563.00000 154.00000 389.00000 246.00000 405.00000 185.00000 331.00000 193.00000 190.00000  92.00000 381.00000 462.00000 294.00000 415.00000 632.00000 542.00000 463.00000 222.00000 233.00000 520.00000 459.00000 187.00000
"Derby     " 212.00000 665.00000  63.00000 311.00000 302.00000 202.00000 161.00000 236.00000 301.00000   0.00000 338.00000 568.00000 459.00000 316.00000 456.00000 148.00000 151.00000 721.00000 114.00000  51.00000 150.00000  95.00000 257.00000 105.00000 225.00000  26.00000 156.00000 383.00000 288.00000 204.00000 211.00000  74.00000 264.00000 280.00000 142.00000
"Dover     " 119.00000 906.00000 298.00000 277.00000 132.00000 304.00000 183.00000 367.00000 595.00000 338.00000   0.00000 851.00000 711.00000 393.00000 750.00000 285.00000 381.00000 965.00000 413.00000 275.00000 434.00000 413.00000 552.00000 224.00000 251.00000 315.00000 207.00000 462.00000 211.00000 199.00000 450.00000 368.00000 230.00000 428.00000 425.00000
"Dundee    " 776.00000 106.00000 578.00000 829.00000 827.00000 707.00000 648.00000 740.00000 270.00000 568.00000 851.00000   0.00000 100.00000 821.00000 126.00000 653.00000 483.00000 209.00000 433.00000 576.00000 467.00000 456.00000 273.00000 655.00000 693.00000 534.00000 682.00000 888.00000 814.00000 729.00000 417.00000 495.00000 790.00000 785.00000 423.00000
"Edinburgh " 599.00000 195.00000 467.00000 697.00000 695.00000 594.00000 530.00000 600.00000 151.00000 459.00000 711.00000 100.00000 0.00000 714.00000  72.00000 541.00000 362.00000 254.00000 310.00000 457.00000 344.00000 342.00000 172.00000 508.00000 579.00000 417.00000 568.00000 784.00000 693.00000 220.00000 312.00000 365.00000 673.00000 611.00000 299.00000
"Exeter    " 273.00000 909.00000 264.00000 132.00000 270.00000 121.00000 356.00000 193.00000 563.00000 316.00000 393.00000 821.00000 714.00000   0.00000 718.00000 179.00000 452.00000 969.00000 436.00000 309.00000 381.00000 383.00000 586.00000 290.00000 454.00000 343.00000 227.00000  69.00000 200.00000 246.00000 521.00000 386.00000 172.00000 257.00000 470.00000
"Glasgow   " 626.00000 227.00000 470.00000 698.00000 722.00000 597.00000 570.00000 602.00000 154.00000 456.00000 750.00000 126.00000 72.00000 718.00000   0.00000 544.00000 401.00000 269.00000 339.00000 486.00000 348.00000 344.00000 233.00000 536.00000 616.00000 449.00000 570.00000 785.00000 695.00000 618.00000 370.00000 388.00000 674.00000 613.00000 338.00000
"Gloucester" 169.00000 735.00000  85.00000 159.00000 220.00000  56.00000 188.00000  90.00000 389.00000 148.00000 285.00000 653.00000 541.00000 179.00000 544.00000   0.00000 273.00000 795.00000 259.00000 130.00000 209.00000 204.00000 407.00000 119.00000 290.00000 164.00000  77.00000 246.00000 169.00000 116.00000 343.00000 208.00000 146.00000 143.00000 293.00000
"Hull      " 275.00000 557.00000 198.00000 401.00000 364.00000 330.00000 200.00000 362.00000 246.00000 151.00000 381.00000 483.00000 362.00000 452.00000 401.00000 273.00000   0.00000 616.00000 90.00000 143.00000 206.00000 154.00000 195.00000 191.00000 232.00000 117.00000 254.00000 520.00000 381.00000 338.00000 69.00000  98.00000 359.00000 393.00000  63.00000
"Inverness " 851.00000 172.00000 720.00000 962.00000 949.00000 848.00000 785.00000 853.00000 405.00000 721.00000 965.00000 209.00000 254.00000 969.00000 269.00000 795.00000 616.00000   0.00000 565.00000 710.00000 599.00000 597.00000 426.00000 763.00000 832.00000 669.00000 822.00000 1038.00000 948.00000 882.00000 566.00000 619.00000 925.00000 864.00000 553.00000
"Leeds     " 307.00000 505.00000 177.00000 397.00000 396.00000 315.00000 233.00000 335.00000 185.00000 114.00000 413.00000 433.00000 310.00000 436.00000 339.00000 259.00000  90.00000 565.00000 0.00000 154.00000 117.00000  66.00000 151.00000 206.00000 280.00000 113.00000 264.00000 504.00000 389.00000 301.00000 103.00000  55.00000 368.00000 359.00000  40.00000
"Leicester " 156.00000 650.00000  66.00000 257.00000 241.00000 187.00000 111.00000 220.00000 331.00000  51.00000 275.00000 576.00000 457.00000 309.00000 486.00000 130.00000 143.00000 710.00000 154.00000   0.00000 175.00000 142.00000 296.00000  50.00000 193.00000  42.00000 111.00000 377.00000 238.00000 156.00000 212.00000 101.00000 216.00000 261.00000 169.00000
"Liverpool " 319.00000 539.00000 145.00000 367.00000 402.00000 259.00000 286.00000 265.00000 193.00000 150.00000 434.00000 467.00000 344.00000 381.00000 348.00000 209.00000 206.00000 599.00000 117.00000 175.00000   0.00000  55.00000 249.00000 217.00000 349.00000 159.00000 246.00000 449.00000 372.00000 311.00000 220.00000 116.00000 349.00000 265.00000 156.00000
"Manchester" 296.00000 536.00000 130.00000 360.00000 381.00000 261.00000 249.00000 278.00000 190.00000  95.00000 413.00000 456.00000 342.00000 383.00000 344.00000 204.00000 154.00000 597.00000 66.00000 142.00000  55.00000   0.00000 291.00000 193.00000 298.00000 114.00000 232.00000 450.00000 357.00000 290.00000 169.00000  61.00000 335.00000 294.00000 105.00000
"Newcastle " 441.00000 367.00000 328.00000 549.00000 536.00000 463.00000 372.00000 484.00000  92.00000 257.00000 552.00000 273.00000 172.00000 586.00000 233.00000 407.00000 195.00000 426.00000 151.00000 296.00000 249.00000 291.00000   0.00000 348.00000 418.00000 256.00000 409.00000 655.00000 534.00000 445.00000 140.00000 206.00000 513.00000 505.00000 132.00000
"Northamptn" 106.00000 702.00000  82.00000 214.00000 190.00000 169.00000 80.00000 208.00000 381.00000 105.00000 224.00000 655.00000 508.00000 290.00000 536.00000 119.00000 191.00000 763.00000 206.00000  50.00000 217.00000 193.00000 348.00000   0.00000 180.00000  93.00000  68.00000 357.00000 191.00000 140.00000 261.00000 153.00000 172.00000 262.00000 220.00000
"Norwich   " 180.00000 772.00000 259.00000 348.00000 262.00000 336.00000 100.00000 378.00000 462.00000 225.00000 251.00000 693.00000 579.00000 454.00000 616.00000 290.00000 232.00000 832.00000 280.00000 193.00000 349.00000 298.00000 418.00000 180.00000 0.00000 198.00000 227.00000 521.00000 296.00000 233.00000 301.00000 235.00000 306.00000 431.00000 291.00000
"Nottinghm " 198.00000 610.00000  79.00000 294.00000 283.00000 220.00000 135.00000 243.00000 294.00000  26.00000 315.00000 534.00000 417.00000 343.00000 449.00000 164.00000 117.00000 669.00000 113.00000  42.00000 159.00000 114.00000 256.00000  93.00000 198.00000   0.00000 153.00000 412.00000 278.00000 204.00000 183.00000  61.00000 257.00000 274.00000 129.00000
"Oxford    "  90.00000 761.00000 101.00000 146.00000 156.00000 113.00000 129.00000 167.00000 415.00000 156.00000 207.00000 682.00000 568.00000 227.00000 570.00000  77.00000 254.00000 822.00000 264.00000 111.00000 246.00000 232.00000 409.00000  68.00000 227.00000 153.00000   0.00000 294.00000 126.00000  46.00000 323.00000 209.00000 105.00000 220.00000 280.00000
"Plymouth  " 341.00000 978.00000 331.00000 200.00000 336.00000 190.00000 423.00000 261.00000 632.00000 383.00000 462.00000 888.00000 784.00000  69.00000 785.00000 246.00000 520.00000 1038.00000 504.00000 377.00000 449.00000 450.00000 655.00000 357.00000 521.00000 412.00000 294.00000   0.00000 265.00000 314.00000 589.00000 454.00000 238.00000 327.00000 539.00000
"Portsmouh " 114.00000 888.00000 227.00000  74.00000  79.00000 151.00000 203.00000 222.00000 542.00000 288.00000 211.00000 814.00000 693.00000 200.00000 695.00000 169.00000 381.00000 948.00000 389.00000 238.00000 372.00000 357.00000 534.00000 191.00000 296.00000 278.00000 126.00000 265.00000   0.00000  84.00000 451.00000 335.00000  27.00000 288.00000 405.00000
"Reading   "  71.00000 825.00000 148.00000 125.00000 114.00000  82.00000 140.00000 175.00000 463.00000 204.00000 199.00000 729.00000 220.00000 246.00000 618.00000 116.00000 338.00000 882.00000 301.00000 156.00000 311.00000 290.00000 445.00000 140.00000 233.00000 204.00000  46.00000 314.00000  84.00000   0.00000 398.00000 261.00000  77.00000 238.00000 329.00000
"Scarborgh " 344.00000 505.00000 262.00000 470.00000 433.00000 399.00000 269.00000 426.00000 222.00000 211.00000 450.00000 417.00000 312.00000 521.00000 370.00000 343.00000  69.00000 566.00000 103.00000 212.00000 220.00000 169.00000 140.00000 261.00000 301.00000 183.00000 323.00000 589.00000 451.00000 398.00000 0.00000 150.00000 428.00000 462.00000  64.00000
"Sheffield"  257.00000 558.00000 122.00000 343.00000 344.00000 264.00000 188.00000 286.00000 233.00000  74.00000 368.00000 495.00000 365.00000 386.00000 388.00000 208.00000  98.00000 619.00000 55.00000 101.00000 116.00000  61.00000 206.00000 153.00000 235.00000  61.00000 209.00000 454.00000 335.00000 261.00000 150.00000   0.00000 314.00000 312.00000  85.00000
"Southamptn" 124.00000 866.00000 206.00000  47.00000  98.00000 119.00000 209.00000 190.00000 520.00000 264.00000 230.00000 790.00000 673.00000 172.00000 674.00000 146.00000 359.00000 925.00000 368.00000 216.00000 349.00000 335.00000 513.00000 172.00000 306.00000 257.00000 105.00000 238.00000  27.00000  77.00000 428.00000 314.00000   0.00000 254.00000 385.00000
"Swansea   " 304.00000 805.00000 195.00000 254.00000 351.00000 135.00000 331.00000  64.00000 459.00000 280.00000 428.00000 785.00000 611.00000 257.00000 613.00000 143.00000 393.00000 864.00000 359.00000 261.00000 265.00000 294.00000 505.00000 262.00000 431.00000 274.00000 220.00000 327.00000 288.00000 238.00000 462.00000 312.00000 254.00000   0.00000 399.00000
"York      " 312.00000 494.00000 208.00000 434.00000 407.00000 349.00000 243.00000 372.00000 187.00000 142.00000 425.00000 423.00000 299.00000 470.00000 338.00000 293.00000  63.00000 553.00000 40.00000 169.00000 156.00000 105.00000 132.00000 220.00000 291.00000 129.00000 280.00000 539.00000 405.00000 329.00000 64.00000  85.00000 385.00000 399.00000   0.00000
